# EDINET DB から財務を取る順番（1行1銘柄、J-Quants の5桁コード）。
# 上から順に取る。母集団（ブレイク日）に多く出る銘柄ほど先。
# 母集団 3,735銘柄（行数の多い順）→ それ以外の上場 1,226銘柄。
# 生成: research/_data/dataset.parquet と master.parquet から（2026-09-21）。
#
64540
87660
68570
36260
63680
77470
19610
97590
77410
18820
48120
98890
93020
82530
86300
28020
96970
80600
40910
64060
50110
81320
90690
45190
14170
43070
75950
46260
96210
79210
97190
85110
41130
47330
34960
97490
96580
94360
67010
58030
89230
23840
69200
27340
78210
38370
79840
27680
70120
93010
80590
80010
63330
90680
19760
79120
94350
80120
81740
96820
64170
45680
83080
63090
53440
81540
27300
69670
69460
65900
81360
76090
83090
81510
84250
52730
87950
81250
75520
65440
77330
44030
95340
67020
63230
31320
19280
30990
83580
29140
83590
22640
31060
19260
80650
77620
93640
19300
63700
85910
27420
83060
23710
72420
68040
47460
93030
31510
37740
23170
67580
65010
98240
33930
71730
79360
20030
80140
64810
54510
27260
81570
70110
68610
35630
30860
83600
64320
80580
71670
80050
48320
84730
19390
18020
79740
68410
65080
80560
24120
64980
65070
40970
63610
94680
72030
46610
93050
13770
79700
78180
39230
85660
21530
93240
85840
79810
49750
99830
27370
73220
98610
78680
54440
67360
79790
43230
64890
74530
18200
80840
15150
91190
40940
35690
75250
46760
57410
66510
96190
97420
23270
94330
42160
72960
45270
89140
51080
99000
51860
90860
49010
49730
80700
72360
83340
83160
42200
18260
46810
63060
40460
47510
80320
49710
74330
83700
95310
19670
19210
61340
88480
87250
19750
19420
75040
89340
80110
19510
63450
41860
49660
14070
70140
63280
74380
71050
41090
91070
69650
64900
80150
62780
40620
76080
72240
96050
92790
51010
65320
39500
60550
91040
19640
94670
26850
70130
30380
97680
71570
82670
22160
39890
87140
83370
77160
36970
42980
18470
95320
19440
86970
60130
74560
81010
98690
62640
85220
53840
67540
22070
19820
86010
65860
19490
94320
30500
30010
77400
90250
97220
99340
80350
58050
69610
60620
98820
99840
45470
18700
63710
42030
51210
87890
35650
50210
66270
99360
35930
34800
81330
83540
31070
90760
80780
66450
97350
53570
47160
19460
71890
79110
62730
37980
83810
47190
80500
59300
62500
54800
68450
75960
87500
81310
80020
69510
77600
97660
46840
96780
47250
49560
80310
17210
48280
75500
80370
80970
30760
25790
32710
96020
67450
32770
83660
83410
75320
17800
29860
63570
37080
97460
18790
84390
24980
18010
36120
59580
51910
27150
99080
15140
63930
84110
59910
80070
83670
85440
30970
56440
66760
61130
31040
88180
82330
63310
73200
84180
17660
61010
46710
81980
63150
81170
40080
32420
60360
23310
69250
69470
96130
67870
89190
61460
80510
53340
62690
32450
31100
92670
82550
94120
40920
51950
75130
88030
80200
80750
46310
76070
38170
94780
80530
45430
27330
33600
97150
22820
65170
28750
72690
64850
18520
93100
97060
54630
34860
32880
18900
93680
79950
32310
72220
88040
62770
22170
80430
64550
18220
58020
67440
52620
78320
43200
80810
82270
18850
71810
95330
19090
82420
97820
68710
94490
98800
77340
84240
13010
71990
65040
47180
67240
79140
96120
82260
78230
64790
15180
16620
31860
19790
77290
68060
78670
69180
82520
24710
85510
78640
83440
36920
60780
77800
77230
56020
41870
63830
46860
74510
85720
68530
86040
79320
57140
50190
67070
44610
24920
62000
60880
97020
67770
43180
44040
95030
62820
37710
19340
97290
31970
63790
80610
68200
76280
45530
68550
57270
39460
36330
81290
99320
74210
34650
19110
68750
68500
71820
74760
99820
27910
96720
96160
47220
22960
18990
80910
67940
47430
45060
53100
28010
62660
53020
24360
62370
20010
83460
46650
88770
37620
30880
81110
27600
63780
46890
59920
67850
68900
41830
39150
58160
60230
90720
97690
67030
39640
70590
94010
64860
75080
53040
60160
51050
63630
40210
63490
59820
99480
76490
49140
79060
40280
35430
75810
56320
44630
36730
80570
94180
47680
97440
23250
35290
63670
83430
68100
72780
24100
45780
25010
18140
18840
19140
40230
47760
49970
98870
18710
35490
31530
74190
28050
90740
64070
26760
90420
60270
17620
90090
31390
45260
47710
89310
90100
75990
41890
79250
65030
82850
70330
43470
71910
53930
46190
89350
52080
83310
52900
71720
64200
19680
85500
98370
74630
49700
22220
81130
80860
92780
65050
82790
83680
71860
80220
94090
73270
83920
21080
70880
59010
77520
21240
79710
83770
31560
30910
42060
64360
67410
18660
57060
85930
66440
34310
21630
22700
73800
46110
72400
79890
25400
35510
62470
64570
83860
83950
18350
83930
41510
13320
19520
78460
90370
73090
38610
36780
95510
31350
26130
14290
80980
63870
17170
60830
45510
17230
96280
53310
23540
68740
34750
32010
30400
60440
60300
40220
96920
98270
42120
49920
89990
41070
95070
53510
90080
31310
62540
77210
41850
36590
66530
20530
18030
62940
72020
46800
29180
28090
32440
63580
18780
66520
76850
34020
75370
75160
49580
74660
31820
41820
22080
66220
67270
45360
60280
62550
17190
62620
71770
98960
26640
69620
27050
96320
31410
37690
23890
68490
51920
81500
52880
19690
65800
26920
36630
71800
79170
38540
65160
20020
49790
94040
86140
72260
26740
88300
19450
33820
74750
49800
35800
44620
75180
80960
90220
59470
80290
66380
61410
72670
83030
31500
79880
18670
40040
19290
88710
75700
28970
79190
24130
77510
51610
46330
93810
40950
96960
54810
88010
32320
41180
91010
32520
81730
60980
60950
95430
82140
30020
93080
30360
63270
18100
77310
93690
40990
80680
18130
83450
81550
26020
96630
69660
66170
36110
79430
78060
19720
62840
77450
44010
88600
87710
85240
82780
59290
40410
66400
40630
21750
45520
86000
93120
90660
74200
16630
33020
90070
62980
25310
67500
46870
46170
81530
64480
86090
77110
78880
77350
42040
90650
79660
30920
66780
48260
21800
43690
39160
34430
91100
26590
31670
68560
66700
42050
59890
63010
63380
40930
68820
99600
90290
77440
25880
62380
23590
94380
76380
14140
14190
31910
26950
66320
63560
83610
17990
21300
40260
29250
90570
31930
36610
21540
65060
48160
96840
99060
69890
52140
61430
66680
62310
19410
42720
94340
42290
42220
60850
21170
44100
23950
38910
47630
48200
30460
33910
47320
56310
81390
70030
62460
56590
69190
14340
33000
77250
32840
63810
30040
97530
54230
33550
68340
54710
81370
69320
77320
67630
35910
66750
69410
72500
97630
45210
47830
80660
82370
33710
97550
69810
30640
30750
61040
53910
79370
40430
68000
68140
75200
75100
38560
18080
81670
95020
68590
41160
17200
69150
19250
28920
49720
59430
64130
36350
81590
18930
28100
31980
39550
67230
33880
80950
87070
30340
90810
99460
90210
20040
39270
71840
72460
63760
74470
99130
93840
78410
63300
92740
88910
81300
30280
42210
72720
19500
64600
99870
82830
80520
22120
90410
67620
30210
92330
30030
79490
43620
32910
68980
59760
34670
63510
28190
99620
38390
90900
80180
39010
77150
42580
19650
62790
87040
32990
48860
43960
23230
64050
30870
19800
97950
74590
68070
13330
96000
54400
98560
18120
19590
61030
67370
33870
91150
76100
38360
22810
81940
34520
34980
59810
35390
79550
93040
94160
45070
46340
79940
90010
30730
24880
87930
19730
54450
68620
62010
21600
53520
92730
59850
26700
33740
79870
58570
34070
98280
23260
43680
66770
64450
64800
43310
99970
69570
17750
67300
43170
70890
86240
94130
61780
93070
90550
67280
47040
75640
72310
51420
82190
65470
36080
75450
71870
34410
46910
42460
31890
60050
31800
60350
78740
74800
33210
72830
38650
61830
19630
24290
48250
54820
27800
71850
65920
69020
52020
29830
97160
48470
71640
26070
88500
34450
97090
78260
76130
38800
69120
19380
59990
77690
78170
69960
67520
68770
69950
97390
32940
85370
45490
99890
54110
46730
73050
18270
59060
26690
62910
30230
43450
72920
73370
61450
88020
34890
23030
64580
93860
39220
90640
64110
66370
72200
45120
32890
27840
25730
40420
98880
53810
38440
59020
42080
99940
61250
69710
80380
46940
46570
26520
37410
79470
63120
64930
43930
39790
82180
43850
28710
90240
34230
53010
90050
52850
81580
23740
66410
78400
80410
37230
31680
79270
45770
84100
25930
60390
79900
33970
47480
67550
61350
96510
60180
35360
97650
80740
62030
27900
36660
79720
28840
79580
31160
67690
89050
83360
83380
33950
89280
49230
67880
77300
89290
91710
42860
59220
52610
36550
68880
90750
35440
81420
43900
27020
83870
51840
79400
46130
75230
38500
73810
61970
77010
64180
16050
27920
83880
57570
69980
76110
81400
35610
25900
23070
35530
60800
31810
24910
35620
22060
73500
34210
43480
31790
83990
80890
25030
20090
18600
78390
66290
18880
80230
82760
62390
88920
46580
43240
92600
63640
68660
40470
97400
95130
45030
95010
46120
43950
14360
63360
72280
95080
76370
64630
72290
77390
57150
69240
81630
99020
64650
52840
63400
43500
73170
32760
95040
44300
92320
39410
64590
21570
30480
60690
40440
18810
24240
83490
34640
61360
51220
31090
85950
39920
82000
38340
30930
37650
31960
67420
59700
60370
43260
22210
29700
68690
36870
77460
28150
36810
34090
51850
43660
50200
18150
90480
29290
46740
48190
33200
81410
69730
99910
93190
86160
72540
52010
39300
96290
72820
44310
81600
78090
97080
71480
88900
70470
33410
24690
49680
47390
91420
19480
80930
24970
66200
72610
92680
89270
60860
67720
60580
79510
41120
23930
98310
90280
51100
88930
58320
65020
21730
36980
66740
34330
83620
18610
97280
79520
42750
72450
73130
69230
79150
65620
58300
64120
42930
49120
59880
39970
45590
93360
17160
40450
81350
68170
23320
14330
62260
48000
62890
90670
65400
64730
44650
33330
60710
59830
24840
96220
37990
42150
87720
36800
67480
61760
89090
27670
31050
43840
21680
49270
55630
36320
69540
31870
55410
52800
45880
35560
64960
41140
45280
35580
38350
68090
59750
74810
82600
37600
38640
46680
49960
97430
90450
36620
88640
86220
25870
59110
42240
73180
79760
36300
80160
58170
21090
52100
63390
31830
54010
40780
38630
57110
22010
90200
63240
68630
31590
57020
99720
64330
66180
25330
18110
61850
27490
21210
72990
89400
72730
69140
76050
59230
63730
56980
59980
61840
45400
60960
50090
37720
34790
47550
26980
60700
82750
39830
23530
97930
64090
17760
27510
88410
18330
70500
83040
69050
90140
24330
46510
69600
74820
90700
46410
28200
48870
58510
68150
65350
64300
34820
83690
59520
23370
54490
21810
22670
45340
65330
68400
40270
76300
14010
18050
37910
24620
44320
34050
85580
33990
40880
36830
87370
87150
52330
61820
94250
86280
98760
66430
17860
39240
39680
48370
54100
36910
63160
39810
44520
96980
24180
45020
17260
67180
95350
85960
46620
69760
69880
22110
62680
76250
26810
80880
72700
98730
36280
81030
69270
37330
83640
85410
25860
63470
90030
93060
21120
87130
74170
61370
90990
99740
81820
70340
87050
37190
82820
95360
60990
96390
66250
20600
39210
81680
86980
65510
65640
96240
43340
78190
45380
32540
39050
72940
65880
59330
24320
90060
54640
74670
42020
59510
81790
35260
49190
59570
28740
22880
74080
58010
40640
88970
50130
42280
66660
14180
82910
74830
70800
45230
21460
93250
48480
93750
31480
87980
77180
74140
85420
38250
60450
69070
53630
87390
69290
78110
24530
89200
47090
37760
43040
47070
58210
36940
68230
24270
44430
88440
60400
23380
28110
29220
75120
36740
44190
74600
67780
62580
34360
69690
81140
63320
63620
42900
69990
77270
27880
24830
60500
60810
76230
43120
23290
63020
25020
85150
50170
72390
13840
49210
49550
72910
97260
49170
96990
77810
65380
67700
35970
40580
64920
91930
43770
79220
77740
75930
70300
29800
68440
72120
71200
72590
72800
49110
50380
70920
46350
44410
40250
87470
23780
49740
36760
43560
29100
45920
90390
67890
56970
69580
66260
33500
36960
36230
52040
75900
98540
45750
81520
91470
68790
66560
36650
98230
31030
31760
32460
59490
33920
26510
23410
44060
31690
71220
71020
61650
59090
54060
18530
36880
86170
49850
98570
54860
69520
19540
21480
63820
42180
60730
38420
51940
48290
46360
38480
39630
88360
87060
92710
97870
79560
61610
60310
63370
64940
94050
97170
68350
62400
66940
40050
23050
63050
61310
37270
61400
18440
79650
47360
39610
95190
45160
78560
17180
65740
81270
33150
24350
37770
78950
18400
60670
14350
21690
34840
24590
41960
28940
60330
38400
62490
32050
72350
78490
76160
24110
58520
39110
33490
94700
95050
34540
75140
52690
26670
63260
68990
90620
23210
45540
46200
23750
37730
41880
45740
26730
31010
22090
31340
39940
70380
13790
98300
95090
31430
34010
56090
37780
59500
77020
92750
38040
66970
26780
41000
39370
63660
98100
98320
79990
29750
80790
67790
60910
88810
44130
96440
67710
75780
94230
23010
45950
94370
89460
33590
60460
24450
47670
58090
46590
33280
93760
99040
99560
90520
56580
28990
72680
95170
36490
86990
45870
79460
30790
79910
32220
21700
36360
48090
85270
53330
39320
59400
62720
78850
38220
33190
76000
69930
99450
72410
68220
61670
77920
74350
59590
76730
39200
45930
59150
67340
39760
37630
39030
19660
79420
64700
70040
69280
39180
17890
21580
24150
37380
77770
43100
62450
69940
14300
65970
35660
57240
57130
77430
72110
74870
36220
62100
61210
86130
35410
78120
47140
26660
65240
77170
45810
19600
66590
52170
44120
91300
88060
17120
46850
98720
38770
50760
42740
38430
47120
67060
19970
75610
40820
66620
87080
45440
72870
39250
88690
63690
36770
39260
46660
35400
94170
97880
78160
77480
23350
93600
35460
78590
96250
36580
24280
82030
73260
33060
53370
47650
42370
92010
47840
90310
73540
96330
44170
70840
94410
29380
71310
64020
44950
88760
34470
55320
39120
58380
73830
59420
61710
78510
34440
42410
58310
32800
70970
60790
66640
69160
62870
96270
98450
57030
58190
43330
48140
98120
63100
32360
85180
84210
76060
24080
38780
25850
50180
80460
22860
44750
96860
92700
74770
53320
60930
59550
70660
52320
35120
69630
79080
42450
66350
44710
39000
59380
98160
29810
60720
65630
31770
83830
30850
29230
49940
18980
34580
39780
50710
62050
31850
78030
60920
44420
36600
32210
78780
67860
26930
47600
23040
92020
32670
43370
85080
30820
30420
77710
47920
28820
30710
42840
37700
37120
31990
96100
36040
37840
45300
68810
13760
65610
40310
23760
39090
98430
98900
19040
34910
78310
43860
23720
36250
99950
60260
76400
27350
63190
44390
23090
99190
49770
22290
33580
44220
65650
70490
62970
44640
94190
77190
27820
43880
37960
61800
36950
82890
17580
38950
74580
89120
72660
61990
22200
35010
29150
28040
66190
90440
82810
53860
72970
24640
73470
85620
35420
63900
28130
94280
93620
60820
41740
70850
68190
43430
76180
58070
64720
65570
46900
97990
33770
52160
62990
99270
68640
21740
41240
26890
34080
63950
39070
31330
97570
71830
49780
32040
26560
42350
75270
64710
87320
43910
40550
61560
21980
79310
70860
65770
27530
34490
92490
18870
95060
62270
49510
30310
60590
92410
94790
60290
74120
87690
97580
74620
69970
73520
96010
48330
71920
14910
68670
13820
59940
31540
44980
97310
93770
61510
29820
42310
23400
78270
29320
44340
72770
40120
47260
97910
45310
38570
46440
35640
53880
88940
35210
43730
68360
44140
34170
22940
70180
93630
39060
61570
93800
79050
75210
30630
14430
64280
79280
94740
37240
36270
65840
30110
24770
65390
24890
76460
59650
17360
61750
39190
30300
42400
88420
67570
39130
37470
85630
39650
76790
87030
37500
31210
78140
30350
81040
24370
97900
52870
94460
22690
74550
25990
67210
39840
39690
45570
43460
45960
36710
45910
36750
60870
92720
91270
30980
25935
37560
61950
37790
50100
63170
44180
77490
61930
70600
31400
75750
72790
49670
56120
78990
21520
89450
68380
35600
63800
64740
66300
34570
42480
21340
73780
17930
53580
77130
42510
69380
70360
61880
72710
97610
69860
18280
67430
41980
76780
32860
99410
42880
45630
47660
60380
24790
17830
29910
46280
39480
32640
72760
70810
43920
23790
61960
59030
40610
61890
17390
66150
65540
69770
38530
14480
68580
33610
31370
27960
64690
33290
98780
52180
93470
75050
95640
49310
39620
33470
42380
72440
166A0
42590
62930
61980
73150
70420
56990
48800
67680
39660
99730
55990
50360
58440
68240
74090
85700
80850
73730
64030
42630
60220
58840
51370
50320
51320
56600
29030
44400
66480
42550
55800
73510
33700
55720
14500
81840
32970
31940
66340
49280
61180
36470
39360
43610
32410
36400
44780
71150
67980
52430
92450
57290
92470
31950
23490
57210
18500
43350
41650
61440
42420
75540
65480
27520
76980
41750
61910
70710
34610
22920
78930
90580
47770
89170
66160
44830
38510
57530
71500
41790
22660
50260
73890
22040
63650
62290
77750
33960
47340
75220
34900
95390
92110
63920
63070
37880
30770
72130
68700
23510
71610
78750
75380
55420
78470
35470
72980
70430
35380
61470
51870
21850
46270
83550
76010
21860
66980
98850
29780
22260
37260
36900
34940
61900
32580
75620
48820
80360
39140
91790
36480
70790
30890
44330
68370
68480
42990
78600
63840
38070
74940
62360
39450
91450
59710
29330
49020
39700
42170
67760
48400
24850
52820
47450
39560
47620
80280
92510
70220
82170
94390
49220
57040
47690
61870
77030
39340
76190
72560
43790
43740
45560
34690
27500
77090
39020
62760
89380
57070
94140
65130
77820
29260
40800
19370
30100
31730
31130
31750
44150
28120
59360
61580
65420
97970
70650
84160
89040
27290
41190
66580
77260
59860
66990
30830
70820
17110
61490
54910
38160
72380
31920
70950
80080
66130
71340
38260
39380
43670
21510
74450
37440
21270
65450
43970
34400
40190
40710
21200
34340
75010
30800
37680
65580
65720
63910
52710
57260
34160
97040
27760
68030
35480
43160
47080
27630
64190
78440
45650
64400
38410
36530
53670
76830
42490
65780
70680
39880
67040
81850
21070
32280
31600
60470
67400
78080
24990
99770
66960
24750
53410
60770
38030
38520
64950
94500
28300
45760
57810
43080
81650
62080
39390
38920
87460
79800
44200
75440
81180
51990
99790
27210
78360
92640
33260
83650
87290
32370
43800
98500
26870
71300
45240
63430
30680
43890
84620
38100
30200
36570
87420
94660
36340
61940
21560
59460
78870
32020
49200
35370
62650
96310
44810
63340
64000
47640
39040
76470
23880
68260
27000
46670
21620
65680
32660
61770
95140
49290
63600
45700
33860
77220
99300
26940
45860
43810
51030
36070
77760
44800
65210
70460
45830
70390
91430
39350
74270
45500
23340
75710
36520
81050
99690
39980
70610
62350
95110
13810
83850
58560
80770
99900
85210
76920
73670
47720
88890
88350
21500
65600
31720
39850
14470
94240
23150
77050
48130
98420
58450
54560
61380
65250
65410
82730
43440
97330
73660
157A0
44250
29620
45640
69370
45710
43980
92590
36560
92210
42560
34220
51890
59670
45690
19050
55780
96470
29350
43710
89950
73750
99800
58690
77950
98670
71190
65700
52370
53680
43010
39540
71100
73560
55760
38450
62240
44790
91640
62320
58340
45940
66330
45790
33230
36860
69420
18480
93180
21780
62570
21950
37930
39400
65730
49980
60610
99660
17570
42870
91680
58430
51390
55890
42620
40130
55920
40680
40160
24610
66540
65660
23520
27080
63550
23450
62740
36890
94220
73430
23970
28760
77070
82560
39470
29240
51360
55710
44940
82540
78970
49630
78980
39740
75870
80390
47500
58580
80400
66630
32380
82020
76700
45580
54460
64780
82300
45990
70730
99930
65940
93850
22680
14000
21930
51380
48890
50290
95540
48850
30530
39080
46640
80300
81070
52590
43750
81190
40540
34180
14460
64080
27060
42950
79530
92650
67220
59390
40110
89080
79970
34200
91760
78860
38150
99860
67750
44440
96850
89440
24050
95610
48880
17430
71620
89330
67960
33760
69850
98990
41990
49350
93580
96030
95620
61810
28830
76870
76210
96910
68890
87400
23850
23730
78650
73570
64820
49370
39310
19830
18210
38580
70440
44270
45170
70370
65490
45140
44350
13800
47350
60630
99550
49600
60940
90780
35240
29270
13830
94210
14200
93510
64670
27220
60890
94750
63350
76430
73610
40720
44230
82870
44360
36450
50080
49250
48390
60340
77790
37510
31610
36460
48450
76020
71960
14130
65550
72470
26530
65340
62560
93990
29080
44760
70770
44920
44450
52790
90630
69300
39930
21140
48010
81660
59210
24930
21640
42610
92400
13750
40730
70670
99780
78040
92440
75000
73860
70690
80130
99280
23980
68940
26120
39510
70830
65370
18650
39910
69040
30540
38960
78620
46150
56030
59320
69010
39330
44880
44460
29340
96870
92520
40520
54080
18730
22150
44380
59870
23110
68320
35780
21380
61720
41150
43190
79440
48240
54530
72740
96710
17240
35130
61660
73690
23910
72010
44890
69820
39170
69260
69430
70940
85850
70720
59280
39100
89180
35590
17220
45720
60640
62920
38230
78070
31570
97920
45820
72140
67530
61640
72650
42700
44900
48490
21960
64610
23420
88400
79920
59740
72510
27690
40150
31780
61860
72050
75850
75940
75670
19870
70210
78100
44990
29930
50790
39870
56140
36820
36670
32480
75390
78330
25940
78130
92130
52770
40600
30700
42430
47790
46530
62090
64660
53560
146A0
73580
76760
34970
29010
296A0
65220
62170
73840
41250
64440
40400
17980
50150
141A0
50740
65230
34460
92420
176A0
23440
62230
77940
48940
42340
195A0
220A0
97010
96360
93370
79230
51250
28140
80760
167A0
41770
19190
92270
287A0
46290
79010
71750
71280
47200
54760
50310
41660
58700
95530
45970
24540
300A0
186A0
99090
90360
155A0
37870
95580
44240
52680
96350
41760
42650
38470
93260
43510
319A0
40690
76150
33170
29980
25970
71380
37580
71270
27890
93270
99920
99430
83960
46950
24680
78290
19560
75020
96400
24250
93220
70910
82470
76240
62330
46230
72550
33900
21440
33850
24580
32300
18680
75060
72300
61550
24810
59070
17820
74420
49520
97830
13520
65690
38140
76740
33560
88850
79180
45980
29870
65710
76810
19350
60420
80900
70780
44850
65750
24490
72180
79130
90820
49870
70480
26680
40760
24040
79750
75770
69550
96810
99640
44820
78220
65560
40200
76890
73420
40590
92150
14440
95220
50330
95520
99140
23300
90340
45550
82740
18830
17300
37940
37100
40330
50700
99670
70960
40560
63420
43940
24400
72150
43640
39860
43210
85300
52120
70700
89220
24380
30940
94760
56950
60650
43820
40740
44480
44930
76860
48810
74160
73250
35980
22240
99500
44860
39960
74260
96560
27980
44280
27430
50280
63220
92560
60490
61730
45410
73140
96410
39990
38000
21830
68390
78720
66690
29310
36240
93670
70620
63460
44210
47540
34350
35770
27620
64620
46500
78550
79630
37540
50020
19060
74480
17680
29040
27190
43360
62810
80250
31380
64250
27640
89030
47280
97070
46960
93400
31250
31110
66140
21220
36790
32230
79380
52460
54610
45480
67150
21390
64240
65310
33750
65790
34770
82510
85860
53800
51330
76360
20550
69450
36410
78200
48840
70410
73590
41930
44770
49990
27730
60540
30590
65670
30960
71630
44160
90730
39430
91610
42670
52530
48920
73620
96750
50250
24870
53950
93430
32750
72840
48380
49360
75510
70930
49330
41800
94450
43410
75590
50350
17870
80440
39600
21910
60900
28310
78380
81860
76710
43550
82980
79620
58200
46420
28720
90830
59730
96370
86920
80870
49180
89250
62480
82250
79860
23700
78730
35280
29160
73390
59620
33520
92540
36390
45840
71350
58880
34150
81430
98530
71260
24800
91730
41670
65500
43720
24170
76340
41200
74040
39290
71290
51340
78000
48110
56210
92570
36700
29990
93300
50340
73630
92380
33530
36640
58920
74220
55970
43700
35710
41940
76030
44490
52480
70350
38020
95560
76940
46990
97130
37530
70310
70640
47700
70630
21590
268A0
91650
135A0
87000
65990
92620
79830
29970
92500
156A0
173A0
46790
65520
92160
255A0
73760
31230
71980
70870
69080
58680
21360
40980
98180
37660
49240
43780
93310
64880
59840
70400
65180
78890
76040
33160
69640
78790
36720
65910
46450
93530
149A0
29300
82440
36680
99570
31660
78500
39750
67090
64640
42820
44500
49570
160A0
78370
55750
150A0
52420
69440
88860
35450
78960
78050
13050
13060
13080
13090
130A0
13110
13190
131A0
13200
13210
13220
13250
13260
13280
13290
132A0
13300
133A0
13430
13450
13460
13480
13490
134A0
13560
13570
13580
13600
13640
13650
13660
13670
13680
13690
137A0
138A0
13970
13980
13990
139A0
140A0
142A0
14310
14320
14380
143A0
14450
144A0
14520
14560
14570
14580
14590
145A0
14660
14690
14720
14730
14740
14750
14760
14770
14780
14790
147A0
14800
14810
14820
14830
14840
14850
14860
14870
14880
14890
148A0
14900
14930
14940
14950
14960
14970
14980
14990
151A0
152A0
153A0
15400
15410
15420
15430
15450
15460
15470
154A0
15500
15510
15540
15550
15570
15590
15600
15630
15660
15680
15690
15700
15710
15720
15730
15770
15780
15790
15800
15850
15860
158A0
15910
15920
15930
15950
15960
15970
15990
159A0
16150
16170
16180
16190
161A0
16200
16210
16220
16230
16240
16250
16260
16270
16280
16290
162A0
16300
16310
16320
16330
163A0
164A0
16510
16520
16530
16540
16550
16560
16570
16580
16590
16600
16710
16720
16730
16740
16750
16760
16770
16780
16790
16800
16810
16840
16850
16860
16870
16880
16890
168A0
16900
16910
16920
16930
16940
16950
16960
16970
16980
16990
170A0
171A0
172A0
175A0
17640
17700
17730
177A0
17880
178A0
17950
179A0
18070
180A0
181A0
182A0
183A0
184A0
185A0
188A0
18970
189A0
190A0
192A0
194A0
196A0
197A0
19810
198A0
19920
19940
199A0
200A0
20110
20120
20130
20140
20150
20160
20170
20180
20190
201A0
20310
20320
20330
20340
20360
20370
20380
20390
203A0
20400
20410
20420
20430
20440
20450
20460
20470
20480
204A0
20500
205A0
20650
20660
20670
20680
20690
206A0
20700
20710
20720
20730
207A0
20800
20810
20820
20830
20840
20850
20860
20870
20880
20890
208A0
20900
20910
20920
20930
20940
20950
20960
20970
20980
209A0
210A0
211A0
212A0
213A0
215A0
216A0
21790
217A0
218A0
219A0
221A0
222A0
22350
22360
22370
22380
22390
223A0
22400
22410
22420
22430
22440
22450
22470
22480
22490
224A0
22500
22510
22520
22530
22540
22550
22560
22570
22580
22590
226A0
227A0
228A0
22910
22930
229A0
23000
233A0
234A0
235A0
236A0
237A0
238A0
239A0
241A0
243A0
244A0
24520
245A0
246A0
247A0
248A0
249A0
250A0
25100
25110
25120
25130
25140
25150
25160
25170
25180
25190
251A0
25200
25210
25220
25230
25240
25250
25260
25270
25280
25290
252A0
25300
253A0
254A0
25520
25530
25540
25550
25560
25570
25580
25590
25600
25610
25620
25630
25640
25650
25660
25670
25680
25690
256A0
257A0
258A0
261A0
26200
26210
26220
26230
26240
26250
26260
26270
26280
26290
262A0
26300
26310
26320
26330
26340
26360
26370
26380
26390
263A0
26400
26410
26420
26440
26450
26460
26470
26480
26490
264A0
26540
265A0
266A0
267A0
26830
269A0
271A0
27360
273A0
27470
274A0
276A0
27780
277A0
278A0
27950
279A0
28060
280A0
28160
28180
281A0
282A0
28360
28370
28380
28390
283A0
28400
28410
28420
28430
28440
28450
28460
28470
28480
28490
284A0
28510
28520
28530
28540
28550
28560
28570
28580
28590
285A0
28600
28610
28620
28640
28650
28660
28670
28680
28690
286A0
28700
28770
288A0
29070
290A0
29110
29170
291A0
292A0
29360
29370
293A0
294A0
295A0
29610
29710
29720
29790
297A0
29840
29850
29890
298A0
29900
29920
29940
29950
299A0
301A0
30240
302A0
303A0
30410
30450
304A0
30580
305A0
30650
30670
30690
307A0
308A0
309A0
310A0
312A0
313A0
314A0
315A0
316A0
31740
317A0
31840
318A0
31900
320A0
321A0
32240
32260
322A0
32340
323A0
32490
324A0
325A0
32610
32690
326A0
32790
32810
32820
32830
32870
328A0
32900
32920
32930
32950
32960
329A0
33090
330A0
331A0
332A0
333A0
334A0
335A0
336A0
33720
338A0
339A0
340A0
341A0
34260
34370
34390
343A0
34480
34510
34550
34590
345A0
34620
34630
34660
34680
346A0
34700
34710
34720
34740
34760
347A0
34810
34830
34870
34880
348A0
34920
34950
349A0
350A0
351A0
352A0
354A0
35500
35570
355A0
356A0
357A0
35830
358A0
359A0
36000
360A0
361A0
362A0
363A0
364A0
365A0
366A0
367A0
368A0
369A0
370A0
371A0
372A0
373A0
374A0
375A0
376A0
378A0
379A0
380A0
381A0
382A0
383A0
385A0
386A0
387A0
389A0
39280
392A0
393A0
39440
394A0
39530
39580
395A0
39670
396A0
398A0
399A0
40140
40170
401A0
402A0
403A0
404A0
40510
40530
40570
405A0
406A0
40750
407A0
408A0
409A0
41020
410A0
411A0
412A0
413A0
414A0
415A0
41680
41690
416A0
41700
41720
41780
417A0
41920
41970
419A0
421A0
422A0
423A0
42470
424A0
425A0
42600
42640
426A0
428A0
429A0
430A0
431A0
432A0
433A0
434A0
435A0
43600
43650
436A0
43760
437A0
43870
438A0
439A0
44090
441A0
44260
44290
442A0
44370
443A0
44470
444A0
445A0
446A0
447A0
44840
44870
448A0
44910
44960
449A0
450A0
451A0
452A0
45390
453A0
455A0
456A0
457A0
458A0
459A0
460A0
46160
461A0
46240
46250
462A0
463A0
464A0
465A0
466A0
46780
467A0
468A0
469A0
47050
470A0
471A0
472A0
473A0
47520
475A0
47610
476A0
477A0
478A0
479A0
480A0
481A0
483A0
484A0
485A0
486A0
48750
487A0
48830
488A0
48900
48910
48930
48960
489A0
490A0
491A0
49260
492A0
49320
49340
493A0
494A0
495A0
496A0
49760
497A0
498A0
49900
499A0
500A0
50160
501A0
50270
502A0
50370
503A0
504A0
505A0
506A0
50720
50765
50770
50780
507A0
509A0
510A0
511A0
51260
51290
512A0
51300
51310
51350
513A0
514A0
515A0
51620
516A0
517A0
518A0
519A0
520A0
521A0
522A0
523A0
52400
52440
52470
52490
524A0
52500
52510
52520
52540
52550
52560
52570
52580
525A0
526A0
527A0
52830
528A0
530A0
531A0
532A0
533A0
534A0
53550
535A0
536A0
537A0
538A0
539A0
540A0
541A0
542A0
543A0
544A0
54580
545A0
546A0
547A0
54840
548A0
549A0
550A0
551A0
55250
55270
55280
552A0
55310
55330
55340
55350
55360
55370
554A0
555A0
556A0
55700
55730
55740
557A0
55810
55820
55840
55860
55870
55880
558A0
55900
55910
55940
55980
559A0
560A0
56160
56180
56190
561A0
56200
56220
562A0
563A0
564A0
565A0
566A0
567A0
568A0
569A0
570A0
571A0
572A0
573A0
57420
574A0
575A0
576A0
577A0
578A0
579A0
580A0
581A0
583A0
58400
58420
584A0
585A0
58660
58670
586A0
58710
587A0
58850
58860
58870
58890
58900
58910
58930
589A0
59000
59050
590A0
59180
591A0
593A0
59410
59450
594A0
59560
595A0
59660
59690
597A0
598A0
59900
59970
599A0
600A0
601A0
602A0
603A0
604A0
605A0
606A0
60740
607A0
608A0
609A0
610A0
611A0
612A0
613A0
614A0
61500
61590
615A0
61680
616A0
61740
617A0
618A0
619A0
620A0
62180
621A0
62220
62280
622A0
62300
623A0
625A0
62670
626A0
627A0
62860
630A0
63250
632A0
633A0
635A0
636A0
63960
64840
64970
65260
65270
65430
65460
65760
65960
66120
66470
66950
67310
67970
68970
70570
70580
70740
70750
70900
70980
71110
71120
71140
71320
71330
71370
71390
71400
71700
71760
72080
72170
72190
72640
73450
73530
73550
73600
73640
73680
73700
73710
73720
73740
73770
73880
73990
74130
74250
74340
74430
74440
74460
74610
74640
74720
74860
74900
75090
75150
75240
75310
75505
75550
75650
76140
76770
76800
76820
76900
76910
76930
76950
76990
77910
77930
78150
78570
78630
78710
78770
78830
79020
79160
79390
79570
79850
80060
80450
81150
81230
81380
81440
81470
81810
82070
83010
87830
88870
88980
89210
89510
89520
89530
89540
89550
89560
89570
89580
89600
89610
89630
89640
89660
89670
89680
89720
89750
89760
89770
89790
89840
89850
89860
89870
89960
90120
90170
90230
90330
90460
90490
90510
90590
90600
90870
91460
91490
91560
91580
91590
91600
91620
91630
91660
91690
92015
92025
92040
92060
92120
92140
92180
92190
92200
92220
92230
92250
92260
92290
92350
92360
92370
92390
92430
92460
92480
92530
92580
92820
92840
92850
92860
93110
93130
93320
93340
93350
93390
93410
93420
93440
93450
93460
93480
93550
93610
93650
93660
94080
94345
94346
94440
95370
95570
95600
95630
95650
96610
96790
97200
97230
97600
97670
97780
97800
98200
98350
98460
98490
98950
99030
99290
99590
99760
99960
